Best top 1: 0.8530000194549561

For all trials: 
Exp vanilla: 86.06
Exp0: 0.8530000194549561
Exp1: 0.8604000198364258
Exp2: 0.8660000205993652
Exp3: 0.864700019454956
Exp4: 0.8588000207901001
Exp5: 0.8685000192642212
Exp6: 0.8624000219345093
Exp7: 0.8626000198364258